4	5
4	6
4	8
4	9
5	6
5	7
5	8
5	9
6	7
6	8
6	9
6	10
7	8
7	9
7	10
7	11
8	9
8	10
8	11
8	12
9	10
9	11
9	12
9	13
10	11
10	12
10	13
10	14
11	12
11	13
11	14
11	15
12	13
12	14
12	15
12	16
12	69
13	14
13	15
13	16
13	17
14	15
14	16
14	17
14	18
15	16
15	17
15	18
16	17
16	18
16	19
16	20
16	65
17	18
17	19
17	20
18	19
18	20
18	21
19	20
19	21
19	27
19	31
19	32
19	35
20	21
20	22
20	23
20	25
20	26
20	27
20	31
21	22
21	23
21	31
22	23
22	24
23	24
23	25
24	25
24	26
25	26
25	64
25	65
26	27
26	28
26	62
26	63
26	64
27	28
27	29
27	31
27	32
27	62
27	63
27	64
28	29
28	30
28	31
28	32
28	62
28	63
29	30
29	31
29	32
29	33
29	48
29	49
29	52
30	31
30	32
30	33
30	34
31	32
31	33
31	34
31	35
32	33
32	34
32	35
32	36
33	34
33	35
33	36
33	37
33	43
33	48
34	35
34	36
34	37
34	38
35	36
35	37
35	38
35	39
36	37
36	38
36	39
36	40
36	41
36	42
37	38
37	39
37	40
37	41
37	42
38	39
38	40
39	40
39	41
40	41
40	42
41	42
41	43
42	43
42	44
43	44
43	45
43	47
43	48
44	45
44	46
44	47
44	48
45	46
45	47
45	48
45	49
46	47
46	48
46	49
46	50
47	48
47	49
47	50
47	51
48	49
48	50
48	51
48	52
49	50
49	51
49	52
49	53
50	51
50	52
50	53
50	54
51	52
51	53
51	54
52	53
52	54
52	55
52	56
52	62
53	54
53	55
53	56
54	55
54	56
55	56
55	57
55	63
55	67
55	71
56	57
56	58
56	59
56	61
56	62
56	63
56	67
57	58
57	59
57	67
58	59
58	60
59	60
59	61
60	61
60	62
61	62
62	63
62	64
63	64
63	65
63	67
63	68
64	65
64	66
64	67
64	68
65	66
65	67
65	68
65	69
66	67
66	68
66	69
66	70
67	68
67	69
67	70
67	71
68	69
68	70
68	71
68	72
69	70
69	71
69	72
69	73
70	71
70	72
70	73
70	74
71	72
71	73
71	74
71	75
72	73
72	74
72	75
72	76
73	74
73	75
73	76
73	77
74	75
74	76
74	77
74	78
75	76
75	77
75	78
75	79
76	77
76	78
76	79
76	80
77	78
77	79
77	80
77	81
78	79
78	80
78	81
78	82
79	80
79	81
79	82
79	83
80	81
80	82
80	83
80	84
81	82
81	83
81	84
81	85
82	83
82	84
82	85
82	86
83	84
83	85
83	86
83	87
84	85
84	86
84	87
84	88
85	86
85	87
85	88
85	89
86	87
86	88
86	89
86	90
87	88
87	89
87	90
87	91
88	89
88	90
88	91
88	92
89	90
89	91
89	92
89	93
89	138
90	91
90	92
90	93
91	92
91	93
91	94
92	93
92	94
92	100
92	104
92	105
92	108
93	94
93	95
93	96
93	97
93	98
93	99
93	100
93	104
94	95
94	96
94	104
95	96
95	97
96	97
96	98
97	98
97	99
98	99
98	100
98	137
99	100
99	101
99	135
99	136
99	137
100	101
100	102
100	104
100	105
100	135
100	136
100	137
101	102
101	103
101	104
101	105
101	135
101	136
102	103
102	104
102	105
102	106
102	121
102	122
103	104
103	105
103	106
103	107
104	105
104	106
104	107
104	108
105	106
105	107
105	108
105	109
106	107
106	108
106	109
106	110
106	116
106	121
107	108
107	109
107	110
107	111
108	109
108	110
108	111
108	112
109	110
109	111
109	112
109	113
109	114
109	115
110	111
110	112
110	113
110	114
110	115
111	112
111	113
112	113
112	114
113	114
113	115
114	115
114	116
115	116
115	117
116	117
116	118
116	120
116	121
117	118
117	119
117	120
117	121
118	119
118	120
118	121
118	122
119	120
119	121
119	122
119	123
120	121
120	122
120	123
120	124
121	122
121	123
121	124
121	125
122	123
122	124
122	125
122	126
123	124
123	125
123	126
123	127
124	125
124	126
124	127
124	128
125	126
125	127
125	128
125	129
125	134
125	135
125	136
126	127
126	128
126	129
126	134
127	128
127	129
128	129
128	130
128	136
128	140
128	144
129	130
129	131
129	132
129	134
129	135
129	136
129	140
130	131
130	132
130	140
131	132
131	133
132	133
132	134
133	134
133	135
134	135
134	136
135	136
135	137
136	137
136	138
136	140
136	141
137	138
137	139
137	140
137	141
138	139
138	140
138	141
138	142
139	140
139	141
139	142
139	143
140	141
140	142
140	143
140	144
141	142
141	143
141	144
141	145
142	143
142	144
142	145
142	146
143	144
143	145
143	146
143	147
144	145
144	146
144	147
145	146
145	147
146	147
