0	1
0	2
0	3
0	79
0	80
1	2
1	3
2	3
2	4
2	6
2	7
3	4
3	5
3	6
3	7
4	5
4	6
4	7
4	8
5	6
5	7
5	8
5	9
6	7
6	8
6	9
6	10
6	130
7	8
7	9
7	10
7	11
7	79
8	9
8	10
8	11
8	12
9	10
9	11
9	12
9	13
9	127
9	130
10	11
10	12
10	13
10	14
10	127
10	130
10	131
11	12
11	13
11	14
11	15
11	77
12	13
12	14
12	15
13	14
13	15
13	16
13	17
14	15
14	16
14	17
14	18
15	16
15	17
15	18
15	19
16	17
16	18
16	19
17	18
17	19
17	20
17	21
17	24
18	19
18	20
18	21
19	20
19	21
20	21
20	22
20	23
20	24
21	22
21	23
21	24
21	25
21	66
21	69
22	23
22	24
22	25
22	26
22	62
22	65
22	66
23	24
23	25
23	26
23	27
24	25
24	26
24	27
24	28
25	26
25	27
25	28
25	29
25	62
25	65
25	66
25	69
26	27
26	28
26	29
26	30
26	56
26	61
26	62
26	65
27	28
27	29
27	30
27	31
27	114
28	29
28	30
28	31
28	32
28	110
28	111
28	114
29	30
29	31
29	32
29	33
29	65
30	31
30	32
30	33
30	34
30	52
30	55
31	32
31	33
31	34
31	35
31	110
32	33
32	34
32	35
32	36
32	106
32	107
32	110
33	34
33	35
33	36
33	37
33	39
33	40
34	35
34	36
34	37
35	36
35	37
36	37
36	38
36	39
37	38
37	39
37	40
38	39
38	40
38	41
39	40
39	41
39	42
40	41
40	42
40	43
40	46
40	47
41	42
41	43
41	44
42	43
42	44
42	97
43	44
43	45
43	46
43	47
44	45
44	46
44	47
45	46
45	47
46	47
46	48
46	49
47	48
47	49
48	49
48	50
49	50
49	51
49	54
49	55
50	51
50	54
51	52
51	53
51	54
51	55
52	53
52	54
52	55
52	56
53	54
53	55
53	56
53	57
54	55
54	56
54	57
54	58
55	56
55	57
55	58
55	61
56	57
56	58
57	58
57	59
58	59
58	60
58	61
58	62
59	60
59	61
59	62
59	63
60	61
60	62
60	63
60	64
61	62
61	63
61	64
61	65
62	63
62	64
62	65
62	66
63	64
63	65
63	66
63	67
64	65
64	66
64	67
64	68
65	66
65	67
65	68
65	69
66	67
66	68
66	69
66	70
67	68
67	69
67	70
67	71
68	69
68	70
68	71
68	72
69	70
69	71
69	72
69	73
70	71
70	72
70	73
70	74
71	72
71	73
71	74
71	75
72	73
72	74
72	75
72	76
73	74
73	75
73	76
73	77
74	75
74	76
74	77
74	78
75	76
75	77
75	78
75	82
75	85
76	77
76	78
76	79
77	78
77	79
78	79
78	80
78	81
78	82
79	80
79	81
80	81
80	82
81	82
81	83
82	83
82	84
82	85
82	86
83	84
83	85
83	86
83	87
84	85
84	86
84	87
85	86
85	87
85	88
86	87
86	88
86	89
86	90
87	88
87	89
87	90
87	91
88	89
88	90
88	91
88	92
89	90
89	91
89	92
89	93
90	91
90	92
90	93
90	94
90	142
90	145
90	146
91	92
91	93
91	94
91	95
92	93
92	94
92	95
92	96
92	97
93	94
93	95
93	96
93	97
93	98
93	99
94	95
94	96
94	97
94	98
94	99
94	146
94	151
95	96
95	97
95	98
96	97
96	98
97	98
97	99
98	99
98	100
99	100
99	101
99	103
99	153
100	101
100	102
100	103
100	104
100	153
101	102
101	103
101	104
101	105
101	143
101	153
102	103
102	104
102	105
102	106
103	104
103	105
103	106
103	107
104	105
104	106
104	107
104	108
104	139
105	106
105	107
105	108
105	109
106	107
106	108
106	109
106	110
107	108
107	109
107	110
107	111
108	109
108	110
108	111
108	112
108	135
109	110
109	111
109	112
109	113
110	111
110	112
110	113
110	114
111	112
111	113
111	114
111	115
112	113
112	114
112	115
112	116
112	128
113	114
113	115
113	116
113	117
114	115
114	116
114	117
114	118
115	116
115	117
115	118
115	119
116	117
116	118
116	119
116	120
116	123
117	118
117	119
117	120
118	119
118	120
119	120
119	121
119	122
119	123
120	121
120	122
120	123
121	122
121	123
122	123
122	124
123	124
123	125
123	127
123	128
124	125
124	126
124	127
124	128
125	126
125	127
125	128
125	129
126	127
126	128
126	129
126	130
127	128
127	129
127	130
127	131
128	129
128	130
128	131
128	132
129	130
129	131
129	132
129	133
130	131
130	132
130	133
130	134
131	132
131	133
131	134
131	135
132	133
132	134
132	135
132	136
133	134
133	135
133	136
133	137
134	135
134	136
134	137
134	138
135	136
135	137
135	138
135	139
136	137
136	138
136	139
136	140
137	138
137	139
137	140
137	141
138	139
138	140
138	141
138	142
139	140
139	141
139	142
139	143
140	141
140	142
140	143
140	144
141	142
141	143
141	144
141	145
142	143
142	144
142	145
142	146
143	144
143	145
143	146
143	147
143	153
144	145
144	146
144	147
144	148
145	146
145	147
145	148
145	149
146	147
146	148
146	149
146	150
146	151
146	152
146	153
147	148
147	149
147	150
147	151
147	152
148	149
148	150
149	150
149	151
150	151
150	152
151	152
151	153
152	153
