1	2
1	3
1	402
1	403
1	404
1	405
2	3
2	4
2	404
3	4
3	5
3	6
3	191
3	195
3	408
4	5
4	6
5	6
5	7
5	413
6	7
6	411
6	412
6	413
7	8
7	10
7	182
7	183
7	413
7	414
8	9
8	10
8	11
8	182
8	183
8	184
8	185
8	188
9	10
9	11
10	11
10	12
11	12
11	13
11	182
11	414
12	13
12	14
13	14
13	15
13	16
13	54
14	15
14	16
14	52
14	53
14	54
15	16
15	17
15	53
15	54
15	55
16	17
16	18
16	54
16	55
16	56
16	156
17	18
17	19
17	54
17	55
17	56
17	57
17	155
17	156
17	157
18	19
18	20
18	56
18	57
18	58
18	155
18	156
18	157
18	158
19	20
19	21
19	57
19	58
19	59
19	155
19	157
19	158
19	159
20	21
20	22
20	58
20	59
20	60
20	158
20	159
20	160
21	22
21	59
21	60
21	159
21	160
21	161
21	162
21	172
22	23
22	24
22	42
22	59
22	60
22	160
22	161
22	162
23	24
23	25
23	38
23	39
23	42
23	162
24	25
24	26
24	38
24	39
24	61
24	62
24	63
25	26
25	62
25	63
26	27
26	28
26	33
26	34
26	35
26	63
27	28
27	29
27	33
27	34
28	29
28	30
28	31
28	33
29	30
29	31
29	32
29	33
30	31
30	32
31	32
31	33
31	78
32	33
32	34
32	78
33	34
33	35
34	35
34	36
35	36
35	37
36	37
36	38
36	39
36	40
37	38
37	39
37	40
38	39
38	40
38	41
39	40
39	41
39	42
40	41
40	42
40	43
41	42
41	43
41	44
42	43
42	44
42	45
42	46
43	44
43	45
43	46
43	47
44	45
44	46
44	47
44	48
45	46
45	47
45	48
45	49
45	184
45	185
46	47
46	48
46	49
46	50
47	48
47	49
47	50
47	51
48	49
48	50
48	51
48	52
49	50
49	51
49	52
50	51
50	52
50	57
50	112
50	113
51	52
51	53
52	53
52	54
53	54
53	55
53	111
54	55
54	56
54	111
55	56
55	57
55	110
55	111
55	112
56	57
56	58
56	106
56	111
56	112
56	113
57	58
57	59
57	112
57	113
57	114
58	59
58	60
58	113
58	114
58	115
59	60
59	61
59	113
59	114
59	115
59	116
60	61
60	115
60	116
60	117
60	118
61	62
61	63
61	115
61	116
61	117
61	118
62	63
62	64
62	118
62	119
63	64
63	118
64	65
64	66
65	66
65	67
66	67
66	68
66	70
66	71
66	72
66	120
67	68
67	69
68	69
68	70
68	134
69	70
69	72
70	71
70	72
71	72
71	73
71	120
71	121
72	73
72	74
73	74
73	75
74	75
74	76
75	76
75	77
76	77
76	78
76	79
76	80
77	78
77	79
77	80
77	81
78	79
78	80
78	81
78	82
79	80
79	81
79	82
79	83
80	81
80	82
80	83
80	84
80	91
81	82
81	83
81	84
81	85
82	83
82	84
82	85
82	86
83	84
83	85
83	86
83	87
83	91
84	85
84	86
84	87
84	88
84	89
84	90
84	91
85	86
85	87
85	88
86	87
86	88
87	88
87	89
88	89
88	90
89	90
89	91
90	91
90	92
90	112
91	92
91	93
91	112
91	113
91	114
92	93
92	94
92	113
92	114
92	115
93	94
93	95
93	114
93	115
93	116
94	95
94	96
94	102
94	116
95	96
95	97
95	98
95	99
95	102
95	116
95	117
96	97
96	98
96	116
96	117
96	118
97	98
97	99
97	117
97	147
97	150
97	151
98	99
98	100
98	102
98	103
98	150
99	100
99	101
99	102
100	101
100	102
100	103
100	104
101	102
101	103
101	104
101	105
102	103
102	104
102	105
102	106
103	104
103	105
103	106
103	107
104	105
104	106
104	107
104	108
105	106
105	107
105	108
105	109
106	107
106	108
106	109
107	108
107	109
107	110
108	109
108	110
109	110
109	111
110	111
110	112
111	112
112	113
112	114
113	114
113	115
114	115
114	116
115	116
116	117
116	118
117	118
117	119
117	120
118	119
118	120
119	120
119	121
119	122
119	124
119	125
120	121
120	122
121	122
121	123
121	124
122	123
122	124
122	125
122	127
123	124
123	125
123	126
123	144
124	125
124	126
124	170
124	171
125	126
125	127
125	170
125	171
126	127
126	128
126	138
126	139
127	128
127	129
127	137
127	138
127	139
128	129
128	130
128	136
128	137
128	138
129	130
129	131
129	137
129	138
130	131
130	132
131	132
131	133
131	137
132	133
132	134
133	134
133	135
134	135
134	136
135	136
135	137
136	137
137	138
137	139
138	139
138	140
139	140
139	141
140	141
140	142
140	143
140	144
141	142
141	143
141	144
141	145
142	143
142	144
142	145
142	146
143	144
143	145
143	146
143	147
144	145
144	146
144	147
144	148
145	146
145	147
145	148
145	149
146	147
146	148
146	149
146	150
147	148
147	149
147	150
147	151
148	149
148	150
148	151
148	152
148	175
148	176
149	150
149	151
149	152
149	153
149	175
150	151
150	152
150	153
151	152
151	153
151	176
152	153
152	154
152	155
152	175
152	176
152	177
153	154
153	155
154	155
155	156
155	157
156	157
156	158
156	178
156	180
157	158
157	159
157	179
157	180
157	181
157	182
158	159
158	160
158	180
158	181
158	182
159	160
159	161
159	181
159	182
159	183
159	184
160	161
160	162
160	173
160	182
160	183
160	184
161	162
161	163
161	183
161	184
161	186
161	187
162	163
162	164
162	187
163	164
163	165
163	166
163	392
164	165
164	166
164	167
164	407
165	166
165	167
165	168
165	169
165	170
165	173
165	406
165	407
165	408
166	167
166	168
166	405
166	406
166	407
166	408
167	168
167	169
167	395
167	405
167	406
167	407
168	169
168	170
168	406
169	170
169	171
169	173
169	174
169	406
169	407
170	171
170	172
170	173
170	174
171	172
171	173
171	174
171	175
172	173
172	174
172	176
173	174
173	175
173	176
173	407
174	175
174	176
175	176
175	177
176	177
176	178
177	178
177	179
178	179
178	180
179	180
179	181
179	415
180	181
180	182
180	414
180	415
181	182
181	183
181	411
181	412
181	413
181	414
181	415
182	183
182	184
182	411
182	414
183	184
183	185
183	187
183	188
184	185
184	186
184	187
184	188
185	186
185	187
185	188
185	189
186	187
186	188
186	189
186	190
187	188
187	189
187	190
187	191
188	189
188	190
188	191
188	192
189	190
189	191
189	192
189	193
190	191
190	192
190	193
190	194
190	195
190	390
191	192
191	193
191	194
191	195
192	193
192	194
192	195
192	196
193	194
193	195
193	196
194	195
194	196
194	197
195	196
195	197
195	198
195	199
196	197
196	198
196	199
196	200
196	201
197	198
197	199
197	200
197	201
197	205
198	199
198	200
198	227
199	200
199	201
200	201
200	202
201	202
201	203
201	204
202	203
202	204
203	204
203	205
203	328
203	329
203	330
204	205
204	206
204	229
204	328
204	329
204	330
205	206
205	207
205	228
205	229
205	230
205	231
205	329
205	330
205	331
206	207
206	208
206	229
206	230
206	231
206	232
206	329
206	330
206	331
207	208
207	209
207	231
207	232
207	233
207	330
207	331
207	332
208	209
208	210
208	232
208	233
208	234
208	331
208	332
208	333
209	210
209	232
209	233
209	234
209	333
209	334
209	335
210	211
210	212
210	233
210	234
210	235
210	335
210	336
210	337
210	338
211	212
211	213
211	235
211	236
211	336
211	337
211	338
212	213
212	214
212	235
212	236
213	214
213	215
213	217
214	215
214	216
214	217
214	218
215	216
215	217
215	218
215	219
216	217
216	218
216	219
216	220
217	218
217	219
217	220
217	221
218	219
218	220
218	221
218	222
218	259
219	220
219	221
219	222
220	221
220	222
220	223
220	224
221	222
221	223
221	224
221	225
222	223
222	224
222	225
222	226
222	266
223	224
223	225
223	226
223	401
223	402
224	225
224	226
224	401
225	226
225	227
225	266
225	270
226	227
226	270
227	228
227	229
228	229
228	230
228	274
229	230
229	231
229	274
229	329
230	231
230	232
230	270
230	274
230	275
230	276
231	232
231	233
231	275
231	276
231	277
232	233
232	234
232	276
232	277
232	278
233	234
233	235
233	277
233	278
233	279
234	235
234	236
234	277
234	278
234	279
235	236
235	279
235	280
236	237
236	238
236	239
236	240
237	238
237	239
237	240
237	241
237	248
237	255
237	308
237	309
238	239
238	240
238	241
238	242
238	248
238	254
238	255
238	260
239	240
239	241
239	242
239	243
239	264
240	241
240	242
240	243
240	244
240	247
240	248
241	242
241	243
241	244
241	245
241	247
241	248
242	243
242	244
242	245
242	264
243	244
243	245
244	245
244	246
245	246
245	247
245	248
245	249
246	247
246	248
246	249
246	250
246	300
247	248
247	249
247	250
247	251
247	299
247	300
247	301
248	249
248	250
248	251
248	252
248	253
249	250
249	251
249	252
249	253
250	251
250	252
250	301
250	302
250	303
251	252
251	300
251	301
251	302
251	303
251	309
252	253
252	254
252	302
252	303
252	307
252	308
253	254
253	307
254	255
254	256
254	257
254	307
254	308
255	256
255	257
255	260
255	308
256	257
256	258
256	259
256	260
257	258
257	259
257	260
258	259
258	260
258	261
258	262
259	260
259	261
259	262
259	263
260	261
260	262
260	263
260	264
261	262
261	263
261	264
261	265
262	263
262	264
262	265
262	266
263	264
263	265
263	266
263	267
264	265
264	266
264	267
264	268
265	266
265	267
265	268
265	269
266	267
266	268
266	269
266	270
267	268
267	269
267	270
267	271
268	269
268	270
268	271
268	272
269	270
269	271
269	272
269	273
270	271
270	272
270	273
270	274
270	275
271	272
271	273
271	274
271	275
271	276
272	273
272	274
272	275
273	274
273	275
274	275
274	276
275	276
276	277
276	278
277	278
277	279
278	279
279	280
279	281
280	281
280	282
280	283
280	316
280	317
281	282
281	283
281	298
281	299
281	316
282	283
282	297
282	298
282	299
282	314
282	315
282	316
282	317
283	284
283	285
283	296
283	297
283	298
283	299
283	310
283	313
283	314
283	316
283	317
284	285
284	286
284	295
284	296
284	297
284	310
284	311
284	312
284	313
284	314
285	286
285	294
285	295
285	296
285	310
285	311
286	287
286	288
286	289
286	292
286	293
286	294
286	295
286	310
287	288
287	293
287	294
287	305
288	289
288	290
288	305
289	290
289	291
290	291
290	292
291	292
291	342
291	344
291	345
292	293
292	294
293	294
294	295
294	296
295	296
295	297
296	297
296	298
297	298
297	299
298	299
298	300
299	300
299	301
300	301
300	302
301	302
302	303
302	304
302	305
302	306
302	309
303	304
303	305
303	306
303	307
304	305
304	306
305	306
306	307
306	308
306	309
307	308
307	309
308	309
309	310
309	311
310	311
310	312
311	312
311	313
311	338
311	339
312	313
312	314
312	338
312	339
312	345
312	346
313	314
313	317
313	318
313	337
313	338
313	348
313	349
314	315
314	316
314	317
314	318
314	348
315	316
315	317
315	318
315	319
315	348
316	317
316	318
316	319
316	320
317	318
317	319
317	320
317	321
318	319
318	320
318	321
318	322
318	348
318	349
318	351
318	352
319	320
319	321
319	322
319	323
320	321
320	322
320	323
320	324
321	322
321	323
321	324
321	325
321	352
322	323
322	324
322	325
322	326
322	352
322	355
323	324
323	325
323	326
324	325
324	326
324	327
325	326
325	327
325	355
325	356
326	327
326	328
326	363
327	328
327	329
327	363
328	329
328	330
328	363
328	364
329	330
329	331
329	364
330	331
330	332
330	364
330	365
330	366
331	332
331	333
331	356
331	365
331	366
331	367
332	333
332	334
332	366
332	367
332	368
333	334
333	335
333	367
333	368
333	369
334	335
334	368
334	369
334	370
334	373
335	336
335	337
335	372
335	373
336	337
336	338
336	339
336	340
336	372
336	373
336	376
337	338
337	339
337	340
337	349
338	339
338	340
339	340
339	341
339	342
339	345
339	346
340	341
340	342
340	343
340	345
340	346
340	349
341	342
341	343
341	346
342	343
342	344
342	345
342	346
343	344
343	345
343	346
343	347
344	345
344	346
344	347
345	346
345	347
346	347
346	348
346	349
347	348
347	349
347	350
347	351
348	349
348	350
348	351
348	352
349	350
349	351
349	352
349	353
350	351
350	352
350	353
350	354
350	380
351	352
351	353
351	354
352	353
352	354
352	355
352	356
353	354
353	355
353	356
353	357
354	355
354	356
354	357
354	358
355	356
355	357
355	358
355	359
356	357
356	358
356	359
356	360
356	366
357	358
357	359
357	360
357	366
357	384
357	385
357	386
358	359
358	360
358	361
359	360
359	361
359	362
359	363
359	364
360	361
360	362
360	363
360	364
360	365
360	366
360	386
360	387
361	362
361	363
361	364
361	365
361	386
362	363
362	364
363	364
364	365
364	366
365	366
365	367
365	386
365	387
366	367
366	368
366	386
366	387
366	388
367	368
367	369
367	387
367	388
367	389
367	390
368	369
368	388
368	389
368	390
369	370
369	371
369	373
369	374
369	388
369	389
369	390
369	391
369	393
370	371
370	372
370	373
370	374
370	390
370	391
370	392
370	393
370	394
371	372
371	373
371	374
371	375
371	393
372	373
372	374
372	375
372	376
373	374
373	375
373	376
373	377
374	375
374	376
374	377
374	378
375	376
375	377
375	378
375	379
376	377
376	378
376	379
376	380
377	378
377	379
377	380
377	381
377	382
378	379
378	380
378	381
378	382
379	380
379	381
380	381
380	382
381	382
381	383
382	383
382	384
382	385
383	384
383	385
384	385
384	386
385	386
385	387
386	387
386	388
387	388
387	389
388	389
388	390
389	390
389	391
390	391
390	392
390	393
390	396
391	392
391	393
391	396
392	393
392	394
392	395
392	396
393	394
393	395
393	396
393	397
394	395
394	396
394	397
394	398
395	396
395	397
395	398
395	399
396	397
396	398
396	399
396	400
397	398
397	399
397	400
397	401
398	399
398	400
398	401
398	402
398	403
399	400
399	401
399	402
399	403
399	405
400	401
400	402
401	402
401	403
402	403
402	404
403	404
403	405
404	405
404	406
404	409
405	406
405	407
405	408
405	409
406	407
406	408
406	409
406	410
407	408
407	409
407	410
408	409
408	410
408	411
409	410
409	411
409	412
410	411
410	412
411	412
411	413
412	413
412	414
413	414
413	415
414	415
